intrinsic:
956.4799884606879 0.0 656.50040254281 
0.0 956.0244497684697 386.1389819413753 
0.0 0.0 1.0 
distortion:
0.05704942502517956 -0.2982083263353559 -0.00046818820768653916 0.0003207969104278294 0.39613319005439457 
