intrinsic:
917.5731076034142 0.0 631.2908972807057 
0.0 916.7284949777974 369.27010917580486 
0.0 0.0 1.0 
distortion:
0.10077467844743287 -0.13886249387292884 -0.0008890297321023446 0.002942787721688357 -0.055016282395493395 
